#######################################################################################
scenario005
===================================================================================
noise_0_00
Training for 1 epochs (6168 iterations).
Epoch 1
digit
[[ 945    0    2    1    0   16    8    1    2    5]
 [   0 1119    0    1    1    2    4    1    6    1]
 [   3    8  992    7    6    0    3    9    4    0]
 [   0    0    6  942    0   51    0    0    6    5]
 [   1    0    1    0  953    0    3    0    5   19]
 [   2    0    0    0    0  883    4    0    0    3]
 [   1    2    0    0    8    5  941    0    1    0]
 [   0    3   21   14    1    4    0  886    0   99]
 [   0    0   11   12    1   27   15    1  901    6]
 [   1    2    0    2    6   19    1    1   10  967]]
F1 digit: [0.97775479 0.98633759 0.96077482 0.94720965 0.97344229 0.92996314
 0.97160558 0.91956409 0.94394971 0.91485336]
Accuracy digit: 0.9529
initiatedAt
[[  0   0   0   0   0   0   0   0   0   0   0]
 [  5 123   0   0   0   0   0   0   0   0   0]
 [ 11   0 101   0   0   0   0   0   0   0   0]
 [  0   0   0  70   0   0   0   0   0   0   0]
 [ 27   0   0   0  73   0   0   0   0   0   0]
 [  6   0   0   0   0  99   0   0   0   0   0]
 [ 10   0   0   0   0   0  92   0   0   0   0]
 [  6   0   0   0   1   0   0  87   0   0   0]
 [  8   0   0   0   0   0   0   0 104   0   0]
 [  3   0   0   0   0   0   0   0   0  80   0]
 [ 15   0   0   0   0   0   0   0   0   0  75]]
F1 initiatedAt: [       nan 0.98007968 0.94835681 1.         0.83908046 0.97058824
 0.94845361 0.96132597 0.96296296 0.98159509 0.90909091]
Accuracy initiatedAt: 0.9076305220883534
Epoch time:  67.49095487594604
Logger {'time': {1000: 5.621402978897095, 2000: 11.15110731124878, 3000: 16.729068517684937, 4000: 22.339622735977173, 5000: 27.90619206428528, 6000: 33.438427686691284}, 'loss': {1000: 2.2147655489508917, 2000: 0.6057072294669756, 3000: 0.4662486029921324, 4000: 0.34380799743622037, 5000: 0.33891463667935284, 6000: 0.26992729981877245}, 'F1 digit': {6168: array([0.97775479, 0.98633759, 0.96077482, 0.94720965, 0.97344229,
       0.92996314, 0.97160558, 0.91956409, 0.94394971, 0.91485336])}, 'Accuracy digit': {6168: 0.9529}, 'F1 initiatedAt': {6168: array([       nan, 0.98007968, 0.94835681, 1.        , 0.83908046,
       0.97058824, 0.94845361, 0.96132597, 0.96296296, 0.98159509,
       0.90909091])}, 'Accuracy initiatedAt': {6168: 0.9076305220883534}}
100%|??????????| 10996/10996 [00:33<00:00, 332.10it/s]
C:\Users\Desktop\diploma\DeepProbCEP-master\test_utils.py:44: RuntimeWarning: invalid value encountered in scalar divide
  recall = tp / (tp + fn)
===================================================================================
noise_0_20
Training for 1 epochs (16908 iterations).
Epoch 1
digit
[[ 895    3   25    3    5    2   41    0    3    3]
 [   0 1122    7    1    1    0    1    0    3    0]
 [   1    3  995    8    9    0    1   11    4    0]
 [   0    0   19  976    0    0    0    7    5    3]
 [   0    4    3    0  960    0    2    0    3   10]
 [   0    2    2  111    4  747   19    1    4    2]
 [   4    5    2    0   33    6  906    0    2    0]
 [   2    5   42    4   13    3    0  930    7   22]
 [   4    6   14   23   15   17   18    3  865    9]
 [   1    5    2   20   37    6    0   13    5  920]]
F1 digit: [0.94859565 0.97991266 0.92860476 0.90538033 0.9324915  0.89300658
 0.9311408  0.93326643 0.92266667 0.93023256]
Accuracy digit: 0.9316
initiatedAt
[[  0   0   0   0   0   0   0   0   0   0   0]
 [  4 130   0   0   0   0   0   0   0   0   0]
 [  7   0  82   0   0   0   0   0   0   0   0]
 [ 23   0   2  52   0   0   0   0   0   0   0]
 [ 15   0   0   0  97   0   0   0   0   0   0]
 [ 10   0   0   0   0  85   0   0   0   0   0]
 [ 13   0   0   0   0   0  79   0   0   1   0]
 [  8   0   0   0   0   0   0 104   0   0   0]
 [  4   0   0   0   0   0   0   0  86   0   0]
 [ 13   0   0   0   0   0   1   0   0  90   0]
 [ 23   0   0   0   0   0   0   0   0   0  85]]
F1 initiatedAt: [       nan 0.98484848 0.94797688 0.80620155 0.92822967 0.94444444
 0.9132948  0.96296296 0.97727273 0.92307692 0.88082902]
Accuracy initiatedAt: 0.8777120315581854
Epoch time:  129.43767309188843
Logger {'time': {1000: 5.622314691543579, 2000: 11.238203287124634, 3000: 16.87263059616089, 4000: 22.441709995269775, 5000: 28.00341010093689, 6000: 33.617429971694946, 7000: 40.05559992790222, 8000: 45.69494605064392, 9000: 51.372172594070435, 10000: 57.07803797721863, 11000: 62.82178831100464, 12000: 68.5333046913147, 13000: 74.19945073127747, 14000: 79.93265771865845, 15000: 85.5867931842804, 16000: 91.25193810462952}, 'loss': {1000: 4.54200576212687, 2000: 4.436248263955472, 3000: 4.400466329710442, 4000: 4.357841247167897, 5000: 4.3519779770113045, 6000: 4.312711475034733, 7000: 4.296195004845186, 8000: 4.352887736600381, 9000: 4.290847224561304, 10000: 4.290653814032497, 11000: 4.289540697753464, 12000: 4.3180808214986515, 13000: 4.300589359081439, 14000: 4.269097589711661, 15000: 4.366428038828753, 16000: 4.3394700519419995}, 'F1 digit': {16908: array([0.94859565, 0.97991266, 0.92860476, 0.90538033, 0.9324915 ,
       0.89300658, 0.9311408 , 0.93326643, 0.92266667, 0.93023256])}, 'Accuracy digit': {16908: 0.9316}, 'F1 initiatedAt': {16908: array([       nan, 0.98484848, 0.94797688, 0.80620155, 0.92822967,
       0.94444444, 0.9132948 , 0.96296296, 0.97727273, 0.92307692,
       0.88082902])}, 'Accuracy initiatedAt': {16908: 0.8777120315581854}}
===================================================================================
noise_0_40
Training for 1 epochs (27451 iterations).
Epoch 1

digit
[[   0   17    7    1    0    0  939   11    0    5]
 [   0 1113    1    1    0    8   10    1    0    1]
 [   0   46  143    8    0    6  155  639    3   32]
 [   0    8   20  887    0   15   10   45    2   23]
 [   0  500    4    5    0    6   26    0    3  438]
 [   0   26    2  491    1  307   38   12    0   15]
 [   0   17    0    0    0    5  931    0    0    5]
 [   0   96   21    1    0    3   15  787    2  103]
 [   0  565   22   28    0   59  154   32   75   39]
 [   0  322   10   16    0    4   20   22   18  597]]
F1 digit: [       nan 0.57893368 0.22662441 0.7246732         nan 0.47049808
 0.57186732 0.61078774 0.13927577 0.52668725]
Accuracy digit: 0.484
initiatedAt
[[  0   0   0   0   0   0   0   0   0   0   0]
 [  2 129   0   0   0   0   0   0   0   0   0]
 [ 26   0  96   0   0   0   0   0   0   0   0]
 [ 46   0  31  12   0   0   0   0   0   0   0]
 [ 49   0   0   0  52   4   0   0   0   0   0]
 [ 56  12   0   0   0  30   0   0   0   0   0]
 [  2   0   0   0   0   0   0   0   0  90   0]
 [ 50   0   0   0  37   0   0   3   0   2   0]
 [ 56  26   0   0   0  22   0   0   0   0   0]
 [  7   0   0   0   0   0   0   0   0  82   0]
 [ 74  47   0   0   0   0   0   0   0   2   1]]
F1 initiatedAt: [       nan 0.74782609 0.77108434 0.23762376 0.53608247 0.38961039
        nan 0.06315789        nan 0.61886792 0.016     ]
Accuracy initiatedAt: 0.38718929254302104
Epoch time:  189.18903803825378
Logger {'time': {1000: 5.643438100814819, 2000: 11.308044195175171, 3000: 16.89736008644104, 4000: 22.54287314414978, 5000: 28.12226152420044, 6000: 33.80553698539734, 7000: 39.39234232902527, 8000: 45.118170976638794, 9000: 50.786072731018066, 10000: 56.5118203163147, 11000: 62.103251457214355, 12000: 67.7387490272522, 13000: 74.36140751838684, 14000: 80.15193796157837, 15000: 85.79991388320923, 16000: 91.42101883888245, 17000: 97.13220596313477, 18000: 102.76532196998596, 19000: 108.40323376655579, 20000: 114.10596513748169, 21000: 119.65882062911987, 22000: 125.29120540618896, 23000: 130.96904969215393, 24000: 136.5787410736084, 25000: 142.31105637550354, 26000: 147.88616728782654, 27000: 153.63238620758057}, 'loss': {1000: 4.546523293424119, 2000: 4.543947435771877, 3000: 4.546212129585267, 4000: 4.544338592642792, 5000: 4.546492696841143, 6000: 4.543414617974575, 7000: 4.5449042581054995, 8000: 4.542908611906924, 9000: 4.542409357605222, 10000: 4.5290779464468285, 11000: 4.548893442466391, 12000: 4.528177877495384, 13000: 4.541147526107845, 14000: 4.544523069330663, 15000: 4.532523269906952, 16000: 4.535505214934709, 17000: 4.5165979546841575, 18000: 4.5338896151305565, 19000: 4.52725831533955, 20000: 4.519428199070314, 21000: 4.524370152850265, 22000: 4.527901513198102, 23000: 4.524774151050586, 24000: 4.523379503068387, 25000: 4.529912607125694, 26000: 4.514453289823267, 27000: 4.53055249076788}, 'F1 digit': {27451: array([       nan, 0.57893368, 0.22662441, 0.7246732 ,        nan,
       0.47049808, 0.57186732, 0.61078774, 0.13927577, 0.52668725])}, 'Accuracy digit': {27451: 0.484}, 'F1 initiatedAt': {27451: array([       nan, 0.74782609, 0.77108434, 0.23762376, 0.53608247,
       0.38961039,        nan, 0.06315789,        nan, 0.61886792,
       0.016     ])}, 'Accuracy initiatedAt': {27451: 0.38718929254302104}}
100%|??????????| 11046/11046 [00:33<00:00, 334.68it/s]
C:\Users\Desktop\diploma\DeepProbCEP-master\test_utils.py:43: RuntimeWarning: invalid value encountered in scalar divide
  precision = tp / (tp + fp)
C:\Users\Desktop\diploma\DeepProbCEP-master\test_utils.py:46: RuntimeWarning: invalid value encountered in scalar divide
  f1[nr] = 2 * precision * recall / (precision + recall)
===================================================================================
noise_0_60
Training for 1 epochs (38420 iterations).
Epoch 1

digit
[[   0    0    0    0    0    0    0    0    0  980]
 [   0    0    0    0    0    0    0    0    0 1135]
 [   0    0    0    0    0    0    0    0    0 1032]
 [   0    0    0    0    0    0    0    0    0 1010]
 [   0    0    0    0    0    0    0    0    0  982]
 [   0    0    0    0    0    0    0    0    0  892]
 [   0    0    0    0    0    0    0    0    0  958]
 [   0    0    0    0    0    0    0    0    0 1028]
 [   0    0    0    0    0    0    0    0    0  974]
 [   0    0    0    0    0    0    0    0    0 1009]]
F1 digit: [       nan        nan        nan        nan        nan        nan
        nan        nan        nan 0.18330457]
Accuracy digit: 0.1009
initiatedAt
100%|??????????| 11035/11035 [00:33<00:00, 328.21it/s]
[[  0   0   0   0   0   0   0   0   0   0   0]
 [  0   0   0   0   0 136   0   0   0   0   0]
 [  0   0   0   0   0 119   0   0   0   0   0]
 [  0   0   0   0   0  84   0   0   0   0   0]
 [  0   0   0   0   0 105   0   0   0   0   0]
 [  0   0   0   0   0 103   0   0   0   0   0]
 [  0   0   0   0   0 107   0   0   0   0   0]
 [  0   0   0   0   0 118   0   0   0   0   0]
 [  0   0   0   0   0  88   0   0   0   0   0]
 [  0   0   0   0   0  76   0   0   0   0   0]
 [  0   0   0   0   0  99   0   0   0   0   0]]
F1 initiatedAt: [       nan        nan        nan        nan        nan 0.18101933
        nan        nan        nan        nan        nan]
Accuracy initiatedAt: 0.09951690821256039
Epoch time:  253.15964484214783
Logger {'time': {1000: 5.6446404457092285, 2000: 12.259074211120605, 3000: 17.90388536453247, 4000: 23.513119220733643, 5000: 29.102514266967773, 6000: 34.797011613845825, 7000: 40.48405957221985, 8000: 46.12417030334473, 9000: 51.80020880699158, 10000: 57.53038787841797, 11000: 63.25232744216919, 12000: 68.81979370117188, 13000: 74.42995190620422, 14000: 80.07835984230042, 15000: 85.7203152179718, 16000: 91.52877616882324, 17000: 97.41561675071716, 18000: 103.03576445579529, 19000: 108.60815000534058, 20000: 114.2117805480957, 21000: 119.812739610672, 22000: 125.46220254898071, 23000: 131.1438274383545, 24000: 136.73027276992798, 25000: 142.3748791217804, 26000: 147.99829602241516, 27000: 154.7094075679779, 28000: 160.29980731010437, 29000: 165.96856498718262, 30000: 171.55458807945251, 31000: 177.27937626838684, 32000: 182.98609066009521, 33000: 188.67966079711914, 34000: 194.37393045425415, 35000: 200.08205819129944, 36000: 205.86629581451416, 37000: 211.54418635368347, 38000: 217.15578627586365}, 'loss': {1000: 4.5476543247855234, 2000: 4.549977351697688, 3000: 4.548192003412595, 4000: 4.552034270530579, 5000: 4.546900291669955, 6000: 4.548951065219136, 7000: 4.544719773495427, 8000: 4.537744011027404, 9000: 4.5484786870708405, 10000: 4.544991381109439, 11000: 4.551883446959087, 12000: 4.545073215794116, 13000: 4.549828178796686, 14000: 4.54452987571624, 15000: 4.53855578363334, 16000: 4.544986163278067, 17000: 4.5499083183132925, 18000: 4.550596724634138, 19000: 4.549974441770589, 20000: 4.549767645836055, 21000: 4.545606698088074, 22000: 4.5470166470869025, 23000: 4.545902161722104, 24000: 4.544469414854307, 25000: 4.5481906181798655, 26000: 4.540676374571385, 27000: 4.547576563745845, 28000: 4.549887892191912, 29000: 4.543849027512004, 30000: 4.548663398778392, 31000: 4.549835651234122, 32000: 4.5504671944086, 33000: 4.5466001578199355, 34000: 4.547500022930898, 35000: 4.549575063646829, 36000: 4.543009605697352, 37000: 4.542466689646248, 38000: 4.549751556660944}, 'F1 digit': {38420: array([       nan,        nan,        nan,        nan,        nan,
              nan,        nan,        nan,        nan, 0.18330457])}, 'Accuracy digit': {38420: 0.1009}, 'F1 initiatedAt': {38420: array([       nan,        nan,        nan,        nan,        nan,
       0.18101933,        nan,        nan,        nan,        nan,
              nan])}, 'Accuracy initiatedAt': {38420: 0.09951690821256039}}
===================================================================================
noise_0_80
Training for 1 epochs (49199 iterations).
Epoch 1

digit
[[   0    0    0    0    0    0    0    0    0  980]
 [   0    0    0    0    0    0    0    0    0 1135]
 [   0    0    0    0    0    0    0    0    0 1032]
 [   0    0    0    0    0    0    0    0    0 1010]
 [   0    0    0    0    0    0    0    0    0  982]
 [   0    0    0    0    0    0    0    0    0  892]
 [   0    0    0    0    0    0    0    0    0  958]
 [   0    0    0    0    0    0    0    0    0 1028]
 [   0    0    0    0    0    0    0    0    0  974]
 [   0    0    0    0    0    0    0    0    0 1009]]
F1 digit: [       nan        nan        nan        nan        nan        nan
        nan        nan        nan 0.18330457]
Accuracy digit: 0.1009
initiatedAt
[[  0   0   0   0   0   0   0   0   0   0   0]
 [  0   0   0   0   0 138   0   0   0   0   0]
 [  0   0   0   0   0 112   0   0   0   0   0]
 [  0   0   0   0   0  65   0   0   0   0   0]
 [  0   0   0   0   0 105   0   0   0   0   0]
 [  0   0   0   0   0 104   0   0   0   0   0]
 [  0   0   0   0   0 112   0   0   0   0   0]
 [  0   0   0   0   0 113   0   0   0   0   0]
 [  0   0   0   0   0  92   0   0   0   0   0]
 [  0   0   0   0   0 111   0   0   0   0   0]
 [  0   0   0   0   0  91   0   0   0   0   0]]
F1 initiatedAt: [       nan        nan        nan        nan        nan 0.18134263
        nan        nan        nan        nan        nan]
Accuracy initiatedAt: 0.09971236816874401
Epoch time:  314.69508123397827
Logger {'time': {1000: 5.72720742225647, 2000: 11.312755346298218, 3000: 16.976205348968506, 4000: 22.58979368209839, 5000: 28.269521713256836, 6000: 33.957719802856445, 7000: 39.57363438606262, 8000: 45.19657850265503, 9000: 50.84670162200928, 10000: 56.464335441589355, 11000: 62.11597490310669, 12000: 67.85975551605225, 13000: 73.48159599304199, 14000: 79.11048913002014, 15000: 84.68458914756775, 16000: 90.35596752166748, 17000: 95.99422788619995, 18000: 102.71074104309082, 19000: 108.3946270942688, 20000: 114.07190775871277, 21000: 119.74340510368347, 22000: 125.48582768440247, 23000: 131.16236972808838, 24000: 136.81373071670532, 25000: 142.4613847732544, 26000: 148.13127756118774, 27000: 153.76583313941956, 28000: 159.4673728942871, 29000: 165.10249662399292, 30000: 170.76341199874878, 31000: 176.34488797187805, 32000: 181.98825645446777, 33000: 187.62786221504211, 34000: 193.23651313781738, 35000: 198.8909559249878, 36000: 204.44343256950378, 37000: 210.1640236377716, 38000: 215.76907968521118, 39000: 221.4299545288086, 40000: 227.0723876953125, 41000: 232.67509245872498, 42000: 238.33747506141663, 43000: 244.0077748298645, 44000: 249.69025945663452, 45000: 255.3223192691803, 46000: 262.31619238853455, 47000: 268.02119302749634, 48000: 273.78598499298096, 49000: 279.5333170890808}, 'loss': {1000: 4.5401471118047585, 2000: 4.546534998600404, 3000: 4.541868311471607, 4000: 4.550369046046969, 5000: 4.548938584257947, 6000: 4.5390937810107435, 7000: 4.541707596401625, 8000: 4.5445021487797295, 9000: 4.544140146868203, 10000: 4.548550158628522, 11000: 4.544443739765554, 12000: 4.542148076155826, 13000: 4.543706860406966, 14000: 4.545506224515466, 15000: 4.549978303391558, 16000: 4.544315082989287, 17000: 4.543978553357571, 18000: 4.549267495741926, 19000: 4.540837424585872, 20000: 4.546759987098372, 21000: 4.545777223123077, 22000: 4.544111043809213, 23000: 4.543115876853198, 24000: 4.542766000158393, 25000: 4.543713557316145, 26000: 4.545090949837521, 27000: 4.54114368187986, 28000: 4.544159428680645, 29000: 4.542555745616392, 30000: 4.543499246054505, 31000: 4.545846681077336, 32000: 4.545110226956015, 33000: 4.545228421750087, 34000: 4.548084011533182, 35000: 4.545039406401681, 36000: 4.549045212632667, 37000: 4.546612601053244, 38000: 4.547441719525797, 39000: 4.542883764018051, 40000: 4.543976793483483, 41000: 4.54977994657439, 42000: 4.543722134425365, 43000: 4.542246139932794, 44000: 4.5505806880701, 45000: 4.549559119296752, 46000: 4.549065700021433, 47000: 4.544176114968, 48000: 4.54152653772859, 49000: 4.543283907519139}, 'F1 digit': {49199: array([       nan,        nan,        nan,        nan,        nan,
              nan,        nan,        nan,        nan, 0.18330457])}, 'Accuracy digit': {49199: 0.1009}, 'F1 initiatedAt': {49199: array([       nan,        nan,        nan,        nan,        nan,
       0.18134263,        nan,        nan,        nan,        nan,
              nan])}, 'Accuracy initiatedAt': {49199: 0.09971236816874401}}
===================================================================================
noise_1_00
Training for 1 epochs (59999 iterations).
Epoch 1
digit
[[   0    0    0    0    0    0    0  980    0    0]
 [   0    0    0    0    0    0    0 1135    0    0]
 [   0    0    0    0    0    0    0 1032    0    0]
 [   0    0    0    0    0    0    0 1010    0    0]
 [   0    0    0    0    0    0    0  982    0    0]
 [   0    0    0    0    0    0    0  892    0    0]
 [   0    0    0    0    0    0    0  958    0    0]
 [   0    0    0    0    0    0    0 1028    0    0]
 [   0    0    0    0    0    0    0  974    0    0]
 [   0    0    0    0    0    0    0 1009    0    0]]
F1 digit: [       nan        nan        nan        nan        nan        nan
        nan 0.18643453        nan        nan]
Accuracy digit: 0.1028
initiatedAt
[[  0   0   0   0   0   0   0   0   0   0   0]
 [  0   0   0   0 112   0   0   0   0   0   0]
 [  0   0   0   0 105   0   0   0   0   0   0]
 [  0   0   0   0  82   0   0   0   0   0   0]
 [  0   0   0   0 124   0   0   0   0   0   0]
 [  0   0   0   0  88   0   0   0   0   0   0]
 [  0   0   0   0 101   0   0   0   0   0   0]
 [  0   0   0   0 106   0   0   0   0   0   0]
 [  0   0   0   0 101   0   0   0   0   0   0]
 [  0   0   0   0  92   0   0   0   0   0   0]
 [  0   0   0   0 109   0   0   0   0   0   0]]
F1 initiatedAt: [       nan        nan        nan        nan 0.21678322        nan
        nan        nan        nan        nan        nan]
Accuracy initiatedAt: 0.12156862745098039
Epoch time:  377.17610716819763
Logger {'time': {1000: 5.695662021636963, 2000: 11.310731887817383, 3000: 16.993075132369995, 4000: 22.67572331428528, 5000: 28.342393159866333, 6000: 34.01299285888672, 7000: 39.69010949134827, 8000: 45.36959648132324, 9000: 51.05464315414429, 10000: 56.69610333442688, 11000: 62.32755661010742, 12000: 68.06584405899048, 13000: 73.7621750831604, 14000: 79.41131973266602, 15000: 85.00776410102844, 16000: 90.73530054092407, 17000: 96.36991262435913, 18000: 102.00883603096008, 19000: 107.66658759117126, 20000: 113.27018165588379, 21000: 118.93314599990845, 22000: 125.88181900978088, 23000: 131.62987351417542, 24000: 137.33095288276672, 25000: 143.06418895721436, 26000: 148.7993721961975, 27000: 154.46606159210205, 28000: 160.12303137779236, 29000: 165.7877230644226, 30000: 171.40375542640686, 31000: 177.1068091392517, 32000: 182.81914520263672, 33000: 188.45360660552979, 34000: 194.15114426612854, 35000: 199.8177888393402, 36000: 205.48543500900269, 37000: 211.1511106491089, 38000: 216.8069863319397, 39000: 222.454496383667, 40000: 228.11279487609863, 41000: 233.83639335632324, 42000: 239.46168518066406, 43000: 245.07937002182007, 44000: 250.75140571594238, 45000: 256.46419382095337, 46000: 262.1135287284851, 47000: 267.7559094429016, 48000: 273.3564987182617, 49000: 279.0156569480896, 50000: 284.65743041038513, 51000: 290.28138875961304, 52000: 297.48063111305237, 53000: 303.1658091545105, 54000: 308.85056829452515, 55000: 314.58856415748596, 56000: 320.2255153656006, 57000: 325.8871200084686, 58000: 331.6276617050171, 59000: 337.4679048061371}, 'loss': {1000: 4.553355454290486, 2000: 4.554292146567601, 3000: 4.550597440055457, 4000: 4.5493964436742464, 5000: 4.553863314554517, 6000: 4.547828033093499, 7000: 4.552147194698043, 8000: 4.54818738333951, 9000: 4.5469971683487005, 10000: 4.5455711003851, 11000: 4.543302480821653, 12000: 4.5441316945417665, 13000: 4.54832145102833, 14000: 4.542078315705229, 15000: 4.550150665747697, 16000: 4.544484839630994, 17000: 4.5544604440078755, 18000: 4.547369440655178, 19000: 4.5515885307800295, 20000: 4.552286100857218, 21000: 4.546634191464265, 22000: 4.555413920914943, 23000: 4.549396579410049, 24000: 4.547539164650507, 25000: 4.5483437101908315, 26000: 4.5482456895946966, 27000: 4.547986137947798, 28000: 4.547839217791069, 29000: 4.54708442521452, 30000: 4.545631878416116, 31000: 4.540525883260755, 32000: 4.537676497493959, 33000: 4.552701788435192, 34000: 4.546510201205842, 35000: 4.543282566735353, 36000: 4.5428870927747775, 37000: 4.545155709425636, 38000: 4.547390076588426, 39000: 4.546734166259574, 40000: 4.5437137011579685, 41000: 4.541144625330028, 42000: 4.548501692460649, 43000: 4.546705932264331, 44000: 4.549893318274523, 45000: 4.543501756141332, 46000: 4.542370479439422, 47000: 4.547197140114408, 48000: 4.547985020591418, 49000: 4.54637113385759, 50000: 4.545596367836167, 51000: 4.547723015517221, 52000: 4.544307548030352, 53000: 4.543883530411286, 54000: 4.5460643430613725, 55000: 4.539672671487636, 56000: 4.549556201936667, 57000: 4.547777778704456, 58000: 4.545246974490509, 59000: 4.541687574514492}, 'F1 digit': {59999: array([       nan,        nan,        nan,        nan,        nan,
              nan,        nan, 0.18643453,        nan,        nan])}, 'Accuracy digit': {59999: 0.1028}, 'F1 initiatedAt': {59999: array([       nan,        nan,        nan,        nan, 0.21678322,
              nan,        nan,        nan,        nan,        nan,
              nan])}, 'Accuracy initiatedAt': {59999: 0.12156862745098039}}
