#######################################################################################
scenario001
===================================================================================
noise_0_60
Training for 1 epochs (38451 iterations).
Epoch 1


digit
[[ 954    0    5    1    1    2    8    3    6    0]
 [   0 1114    4    7    0    0    0    7    3    0]
 [   0    0 1010   18    0    0    0    2    2    0]
 [   0    0    2 1004    0    0    0    3    0    1]
 [   0    1    4    0  960    0    3    0    1   13]
 [   0    0    0   41    0  847    1    2    1    0]
 [   3    3    3    1    3   12  929    0    4    0]
 [   0    2   22    5    1    0    0  986    1   11]
 [   0    0    8   21    0   11    1    1  925    7]
 [   2    0    0   15   16    9    1   11    2  953]]
F1 digit: [0.98401238 0.98802661 0.96650718 0.94583137 0.97809475 0.95544275
 0.97738033 0.96524719 0.96404377 0.9558676 ]
Accuracy digit: 0.9682
C:\Users\Desktop\diploma\DeepProbCEP-master\test_utils.py:44: RuntimeWarning: invalid value encountered in scalar divide
  recall = tp / (tp + fn)
initiatedAt
[[  0   0   0   0   0   0   0   0   0   0   0]
 [  7 143   0   0   0   0   0   0   0   0   0]
 [  1   0  97   0   0   0   0   0   0   0   0]
 [  9   0   0  78   0   0   0   0   0   0   0]
 [ 14   0   0   0 100   0   0   0   0   0   0]
 [  7   0   0   0   0  92   0   0   0   0   0]
 [  8   0   0   0   0   0  90   0   0   0   0]
 [  2   0   0   0   0   0   0  85   0   0   0]
 [  4   0   0   0   0   0   0   0  83   0   0]
 [  7   0   0   0   0   0   0   0   0  87   0]
 [  7   0   1   0   0   0   0   0   0   0  74]]
F1 initiatedAt: [       nan 0.97610922 0.98979592 0.94545455 0.93457944 0.96335079
 0.95744681 0.98837209 0.97647059 0.96132597 0.94871795]
Accuracy initiatedAt: 0.9327309236947792
Epoch time:  249.90177536010742
Logger {'time': {1000: 6.098238945007324, 2000: 11.657287836074829, 3000: 17.27648663520813, 4000: 22.860626459121704, 5000: 28.427791595458984, 6000: 34.045665979385376, 7000: 39.592718839645386, 8000: 45.085707664489746, 9000: 50.658769369125366, 10000: 56.23083829879761, 11000: 61.85949921607971, 12000: 67.4042420387268, 13000: 72.94705271720886, 14000: 78.53362679481506, 15000: 83.99941968917847, 16000: 89.5697717666626, 17000: 95.25878858566284, 18000: 100.89790749549866, 19000: 106.42292547225952, 20000: 111.9379346370697, 21000: 117.56638360023499, 22000: 123.18751454353333, 23000: 128.77885055541992, 24000: 134.34838724136353, 25000: 139.94526147842407, 26000: 145.50169849395752, 27000: 152.0286991596222, 28000: 157.66405034065247, 29000: 163.27831888198853, 30000: 168.90874314308167, 31000: 174.56345009803772, 32000: 180.20310139656067, 33000: 185.93969678878784, 34000: 191.5690839290619, 35000: 197.15931153297424, 36000: 202.86797881126404, 37000: 208.5569200515747, 38000: 214.13675618171692}, 'loss': {1000: 4.2461418376494375, 2000: 3.618779823066802, 3000: 3.5399220949440453, 4000: 3.442977455118217, 5000: 3.448114055309336, 6000: 3.3478954200124216, 7000: 3.4746882855125274, 8000: 3.448414732723994, 9000: 3.3497086839187182, 10000: 3.341969733692855, 11000: 3.3350724500374036, 12000: 3.315663181012003, 13000: 3.3658412330618392, 14000: 3.375701680334393, 15000: 3.358246183385032, 16000: 3.3459805911579377, 17000: 3.331973719717549, 18000: 3.2907662315232638, 19000: 3.35126888397446, 20000: 3.3749063075312518, 21000: 3.243012163871804, 22000: 3.3563027169395396, 23000: 3.330513202737635, 24000: 3.323638174654246, 25000: 3.2614817452317517, 26000: 3.2857590251345625, 27000: 3.344627844138234, 28000: 3.3325231745292627, 29000: 3.3870962412478525, 30000: 3.3380592481459845, 31000: 3.2682228514073133, 32000: 3.237733194824455, 33000: 3.3039667458895186, 34000: 3.2781708077136993, 35000: 3.2918473073784793, 36000: 3.2753776652923996, 37000: 3.237972508872404, 38000: 3.3029353869817983}, 'F1 digit': {38451: array([0.98401238, 0.98802661, 0.96650718, 0.94583137, 0.97809475,
       0.95544275, 0.97738033, 0.96524719, 0.96404377, 0.9558676 ])}, 'Accuracy digit': {38451: 0.9682}, 'F1 initiatedAt': {38451: array([       nan, 0.97610922, 0.98979592, 0.94545455, 0.93457944,
       0.96335079, 0.95744681, 0.98837209, 0.97647059, 0.96132597,
       0.94871795])}, 'Accuracy initiatedAt': {38451: 0.9327309236947792}}
