#######################################################################################
scenario001
===================================================================================
noise_1_00
Training for 1 epochs (59999 iterations).
Epoch 1
digit
[[ 972    0    0    0    2    0    2    1    3    0]
 [   0 1127    5    1    0    0    0    0    2    0]
 [   4    4 1008    1    1    0    1    8    5    0]
 [   0    2    4  979    0    2    0   13    6    4]
 [   1    1    1    0  956    0    3    2    1   17]
 [   1    4    0   21    0  851    5    1    9    0]
 [  21    7    1    0   11    2  912    0    4    0]
 [   1    3   12    1    0    0    0 1002    2    7]
 [  22    0    3    1    5    0    0    5  928   10]
 [   3    3    2    6    9    0    1    6    3  976]]
F1 digit: [0.96957606 0.98600175 0.97485493 0.96930693 0.97253306 0.97424156
 0.96918172 0.96999032 0.95818276 0.96490361]
Accuracy digit: 0.9711
initiatedAt
[[  0   0   0   0   0   0   0   0   0   0   0]
 [  5 147   0   0   0   0   0   0   0   0   0]
 [  3   0  84   0   0   0   0   0   0   0   0]
 [  7   0   0  81   0   0   1   0   0   0   0]
 [  3   0   0   0 101   0   0   0   0   0   0]
 [  7   0   0   0   0  93   0   0   0   0   0]
 [  0   0   0   0   0   0  87   0   0   0   0]
 [  3   0   0   0   0   0   0 109   0   0   0]
 [  4   0   0   0   0   0   0   0  93   0   0]
 [  7   0   0   0   0   0   0   0   0  81   0]
 [  8   0   0   0   0   0   0   0   0   0  81]]
F1 initiatedAt: [       nan 0.98327759 0.98245614 0.95294118 0.98536585 0.96373057
 0.99428571 0.98642534 0.97894737 0.95857988 0.95294118]
Accuracy initiatedAt: 0.9522388059701492
Epoch time:  369.4692666530609
Logger {'time': {1000: 5.403907775878906, 2000: 11.503447771072388, 3000: 16.99447226524353, 4000: 22.520797729492188, 5000: 27.966472387313843, 6000: 33.45050859451294, 7000: 38.88344478607178, 8000: 44.37443161010742, 9000: 49.94753956794739, 10000: 55.548571825027466, 11000: 61.12562394142151, 12000: 66.66293835639954, 13000: 72.18017244338989, 14000: 77.74522709846497, 15000: 83.18516755104065, 16000: 88.84453916549683, 17000: 94.40743923187256, 18000: 100.04255723953247, 19000: 105.62262535095215, 20000: 111.29878044128418, 21000: 116.85182499885559, 22000: 122.40686893463135, 23000: 127.89885687828064, 24000: 133.46691417694092, 25000: 139.02796459197998, 26000: 144.60830783843994, 27000: 150.14992499351501, 28000: 155.6909625530243, 29000: 162.1486005783081, 30000: 167.76898550987244, 31000: 173.36831283569336, 32000: 179.06748843193054, 33000: 184.714617729187, 34000: 190.25464940071106, 35000: 195.85974049568176, 36000: 201.4011733531952, 37000: 206.9002239704132, 38000: 212.4721658229828, 39000: 218.076256275177, 40000: 223.65332126617432, 41000: 229.30594730377197, 42000: 234.8263919353485, 43000: 240.3107614517212, 44000: 245.9254744052887, 45000: 251.46051859855652, 46000: 257.177533864975, 47000: 262.73251938819885, 48000: 268.2922148704529, 49000: 273.9847011566162, 50000: 279.56227135658264, 51000: 285.1446142196655, 52000: 290.71511673927307, 53000: 296.2727255821228, 54000: 301.91616129875183, 55000: 307.4713418483734, 56000: 313.0574269294739, 57000: 318.5515275001526, 58000: 324.12369084358215, 59000: 329.6648018360138}, 'loss': {1000: 4.209821956075699, 2000: 3.745377412480744, 3000: 3.6199540389914038, 4000: 3.5597967126017336, 5000: 3.5410831231915196, 6000: 3.5555445084211335, 7000: 3.5403968157467136, 8000: 3.4939887302610293, 9000: 3.4519608706581786, 10000: 3.483424025440134, 11000: 3.500639687873638, 12000: 3.444891434956476, 13000: 3.474023286129781, 14000: 3.5324672669755217, 15000: 3.502873311358431, 16000: 3.4551822698127856, 17000: 3.420812635332211, 18000: 3.4345598108955047, 19000: 3.479950050693025, 20000: 3.468424181826528, 21000: 3.4452366055811643, 22000: 3.450512498720138, 23000: 3.4274199656878244, 24000: 3.4559207531085026, 25000: 3.4410796241048565, 26000: 3.4386013988434545, 27000: 3.4516318601725082, 28000: 3.460260106260274, 29000: 3.4516501999886007, 30000: 3.3887507295058987, 31000: 3.442996718272082, 32000: 3.438886596236627, 33000: 3.4178042417427092, 34000: 3.4270177057545546, 35000: 3.4100713928977684, 36000: 3.4265114885450236, 37000: 3.3971413169678955, 38000: 3.4283947451425396, 39000: 3.414917347529569, 40000: 3.391938678194361, 41000: 3.429351114818863, 42000: 3.3854344023693437, 43000: 3.369052543975791, 44000: 3.46610478705534, 45000: 3.3887932165673993, 46000: 3.3734851345470576, 47000: 3.438954670401277, 48000: 3.341428185971861, 49000: 3.361461266821963, 50000: 3.347209167834626, 51000: 3.4029030697434295, 52000: 3.3858519333520998, 53000: 3.433216936691683, 54000: 3.367364671188199, 55000: 3.381840162665695, 56000: 3.3798477983849127, 57000: 3.399909767739758, 58000: 3.3894700011395087, 59000: 3.3890919766206897}, 'F1 digit': {59999: array([0.96957606, 0.98600175, 0.97485493, 0.96930693, 0.97253306,
       0.97424156, 0.96918172, 0.96999032, 0.95818276, 0.96490361])}, 'Accuracy digit': {59999: 0.9711}, 'F1 initiatedAt': {59999: array([       nan, 0.98327759, 0.98245614, 0.95294118, 0.98536585,
       0.96373057, 0.99428571, 0.98642534, 0.97894737, 0.95857988,
       0.95294118])}, 'Accuracy initiatedAt': {59999: 0.9522388059701492}}
