#######################################################################################
scenario001
===================================================================================
noise_0_00
Training for 1 epochs (6015 iterations).
Epoch 1
digit
[[ 974    0    0    0    0    1    1    1    3    0]
 [   0 1128    0    3    0    0    2    1    1    0]
 [  13   30  960   11    0    1    2    2   13    0]
 [   0    0    5  974    0   22    0    4    5    0]
 [   4    3    4    0  947    0    6    1   12    5]
 [   4    1    0    3    0  867    2    1   14    0]
 [  18    5    0    0    1    4  906    0   24    0]
 [   1    7   29    2    0    0    0  980    4    5]
 [   2    3    6    0    0    1    0    2  960    0]
 [  11   10    3    4   13   38    0   18   48  864]]
F1 digit: [0.97060289 0.97157623 0.94163806 0.97060289 0.97478127 0.94961665
 0.96537027 0.96172718 0.93294461 0.91768455]
Accuracy digit: 0.956
initiatedAt
[[  0   0   0   0   0   0   0   0   0   0   0]
 [  0 125   0   0   0   0   0   0   0   0   0]
 [  6   0 100   0   0   0   0   0   0   0   0]
 [  1   0   0  85   0   0   0   0   0   0   0]
 [ 11   0   0   0 111   0   0   0   0   0   0]
 [ 27   0   0   0   0  82   0   0   0   0   0]
 [  1   0   0   0   0   0 101   0   0   0   0]
 [ 12   0   0   0   0   0   0 100   0   0   0]
 [  8   0   0   0   0   0   0   0  82   0   0]
 [  7   0   0   0   0   0   0   0   0  66   0]
 [  7   0   0   0   0   0   0   0   0   0 102]]
F1 initiatedAt: [       nan 1.         0.97087379 0.99415205 0.9527897  0.85863874
 0.99507389 0.94339623 0.95348837 0.94964029 0.96682464]
Accuracy initiatedAt: 0.9226305609284333
Epoch time:  65.66764569282532
Logger {'time': {1000: 5.319831132888794, 2000: 10.749763011932373, 3000: 16.139132022857666, 4000: 21.493189334869385, 5000: 26.905500411987305, 6000: 32.27675175666809}, 'loss': {1000: 1.9922452191171676, 2000: 0.6235593646481051, 3000: 0.4509360009839244, 4000: 0.3749229275858486, 5000: 0.298661173504921, 6000: 0.27454185318484975}, 'F1 digit': {6015: array([0.97060289, 0.97157623, 0.94163806, 0.97060289, 0.97478127,
       0.94961665, 0.96537027, 0.96172718, 0.93294461, 0.91768455])}, 'Accuracy digit': {6015: 0.956}, 'F1 initiatedAt': {6015: array([       nan, 1.        , 0.97087379, 0.99415205, 0.9527897 ,
       0.85863874, 0.99507389, 0.94339623, 0.95348837, 0.94964029,
       0.96682464])}, 'Accuracy initiatedAt': {6015: 0.9226305609284333}}
100%|??????????| 11034/11034 [00:33<00:00, 331.32it/s]
C:\Users\Desktop\diploma\DeepProbCEP-master\test_utils.py:44: RuntimeWarning: invalid value encountered in scalar divide
  recall = tp / (tp + fn)
