#######################################################################################
scenario002
===================================================================================
noise_0_00
Training for 1 epochs (6037 iterations).
Epoch 1

digit
[[ 977    0    1    0    0    0    0    1    1    0]
 [   5 1103    6    0    1    2    5    2   11    0]
 [   1    2 1025    0    2    0    1    0    1    0]
 [   4    0   13  970    0    9    0    2    8    4]
 [   2    0    4    1  937    0   11    2    6   19]
 [   4    0    1   11    0  863    4    1    7    1]
 [  36    1    0    0    3   10  905    0    3    0]
 [   1    3   50    4    1    2    0  965    1    1]
 [  11    1    7    3    0    1    1    3  946    1]
 [   5    0    1    5    5   12    0   10   20  951]]
F1 digit: [0.96446199 0.98262806 0.95794393 0.96806387 0.97048162 0.96370743
 0.9602122  0.95829196 0.95652174 0.95770393]
Accuracy digit: 0.9642
initiatedAt
[[  0   0   0   0   0   0   0   0   0   0   0]
 [  7 136   0   0   0   0   0   0   0   0   0]
 [  3   0  89   0   0   0   0   0   0   0   0]
 [  3   0   0  70   0   0   0   0   0   0   0]
 [ 15   1   0   0  89   0   0   0   0   0   0]
 [  7   0   0   0   0  67   0   0   0   0   0]
 [  2   0   0   0   0   0 110   0   0   0   0]
 [  0   0   0   0   0   0   0  98   0   0   0]
 [  6   0   0   0   0   0   0   0  81   0   0]
 [  4   0   0   0   0   0   0   0   0  91   0]
 [  7   0   0   0   0   0   0   0   0   0  88]]
F1 initiatedAt: [       nan 0.97142857 0.98342541 0.97902098 0.91752577 0.95035461
 0.99099099 1.         0.96428571 0.97849462 0.96174863]
Accuracy initiatedAt: 0.9435318275154004
Epoch time:  65.33775901794434
Logger {'time': {1000: 5.456956624984741, 2000: 10.866943120956421, 3000: 16.294872283935547, 4000: 21.702789783477783, 5000: 27.147543907165527, 6000: 32.60949945449829}, 'loss': {1000: 2.180123851014738, 2000: 0.7652848019625419, 3000: 0.486632593945172, 4000: 0.36809312841918923, 5000: 0.36435541152590906, 6000: 0.3137399226241195}, 'F1 digit': {6037: array([0.96446199, 0.98262806, 0.95794393, 0.96806387, 0.97048162,
       0.96370743, 0.9602122 , 0.95829196, 0.95652174, 0.95770393])}, 'Accuracy digit': {6037: 0.9642}, 'F1 initiatedAt': {6037: array([       nan, 0.97142857, 0.98342541, 0.97902098, 0.91752577,
       0.95035461, 0.99099099, 1.        , 0.96428571, 0.97849462,
       0.96174863])}, 'Accuracy initiatedAt': {6037: 0.9435318275154004}}
100%|??????????| 10974/10974 [00:32<00:00, 337.49it/s]
C:\Users\Desktop\diploma\DeepProbCEP-master\test_utils.py:44: RuntimeWarning: invalid value encountered in scalar divide
  recall = tp / (tp + fn)
===================================================================================
noise_0_20
Training for 1 epochs (16743 iterations).
Epoch 1
digit
[[ 955    0    0    1    0    0    4    1   19    0]
 [   0 1110    2    3    0    0    1    2   17    0]
 [   5    4  960    5    6    0    5    3   43    1]
 [   5    0    7  941    0   11    0    1   43    2]
 [   3    1    0    0  927    0    2    0    7   42]
 [   3    0    0    4    0  789   14    1   77    4]
 [   6    4    0    1   19    1  910    0   17    0]
 [   3    9   24   18    3    1    0  895   40   35]
 [   0    1    1    2    3    1    1    1  959    5]
 [   9    5    1    1   14    8    0    3   57  911]]
F1 digit: [0.97003555 0.97840458 0.94721263 0.94763343 0.94882293 0.92660012
 0.96042216 0.9250646  0.85130937 0.90691887]
Accuracy digit: 0.9357
initiatedAt
[[  0   0   0   0   0   0   0   0   0   0   0]
 [  2 124   0   0   0   0   0   0   0   0   0]
 [ 16   0  87   0   0   0   0   0   0   0   0]
 [ 17   0   0  48   0   0   0   0   0   0   0]
 [ 29   0   0   0  73   0   0   0   0   0   0]
 [ 17   0   0   0   0  81   0   0   0   0   0]
 [  5   0   0   0   0   0 103   0   0   0   1]
 [ 10   0   0   0   0   0   1  92   0   0   1]
 [  8   0   0   0   0   0   0   0 108   0   0]
 [  9   0   0   0   0   0   0   0   0  94   0]
 [  3   0   0   0   0   0   0   0   0   0  87]]
F1 initiatedAt: [       nan 0.992      0.91578947 0.84955752 0.83428571 0.90502793
 0.96713615 0.93877551 0.96428571 0.95431472 0.97206704]
Accuracy initiatedAt: 0.8828740157480315
Epoch time:  127.27356696128845
Logger {'time': {1000: 5.572266101837158, 2000: 11.142330646514893, 3000: 16.742417573928833, 4000: 22.254923582077026, 5000: 27.80590844154358, 6000: 33.39671182632446, 7000: 39.795833587646484, 8000: 45.37875485420227, 9000: 51.02938151359558, 10000: 56.60227298736572, 11000: 62.17535352706909, 12000: 67.76724290847778, 13000: 73.25036454200745, 14000: 78.78177738189697, 15000: 84.32074403762817, 16000: 89.84904623031616}, 'loss': {1000: 4.473750382392639, 2000: 4.352611084433578, 3000: 4.121711380963305, 4000: 4.064538583030955, 5000: 4.104714793161526, 6000: 4.03767689970522, 7000: 4.025264452287245, 8000: 4.008643583408127, 9000: 4.027645173524052, 10000: 3.9763182581735297, 11000: 4.005668404572708, 12000: 3.94250671376841, 13000: 3.919029416531071, 14000: 3.9588763225959136, 15000: 3.9964582187342215, 16000: 4.051963769612282}, 'F1 digit': {16743: array([0.97003555, 0.97840458, 0.94721263, 0.94763343, 0.94882293,
       0.92660012, 0.96042216, 0.9250646 , 0.85130937, 0.90691887])}, 'Accuracy digit': {16743: 0.9357}, 'F1 initiatedAt': {16743: array([       nan, 0.992     , 0.91578947, 0.84955752, 0.83428571,
       0.90502793, 0.96713615, 0.93877551, 0.96428571, 0.95431472,
       0.97206704])}, 'Accuracy initiatedAt': {16743: 0.8828740157480315}}
100%|??????????| 11016/11016 [00:33<00:00, 331.63it/s]
===================================================================================
noise_0_40
Training for 1 epochs (27521 iterations).
Epoch 1
digit
[[ 900    1   10    1    3    6   29    8   16    6]
 [   0 1114    4    9    1    0    1    0    6    0]
 [   0    1  961   16   20    0    6   17    9    2]
 [   0    0   17  983    0    2    0    5    1    2]
 [   0    3    0    0  938    0    7    0    0   34]
 [   8    5    7   67    7  742   16    3    8   29]
 [   4    7    2    0   12    2  928    0    3    0]
 [   0   10   47   25    2    0    0  904    7   33]
 [  14    3   12   21   32    8   35    7  798   44]
 [   2    4    0    8   18    8    1   12    5  951]]
F1 digit: [0.94339623 0.97590889 0.91873805 0.91869159 0.93101737 0.8939759
 0.93690056 0.91129032 0.87356322 0.9014218 ]
Accuracy digit: 0.9219
initiatedAt
[[  0   0   0   0   0   0   0   0   0   0   0]
 [  4 116   0   0   0   0   0   0   0   0   0]
 [  1   0  99   0   0   0   0   0   0   0   0]
 [ 17   0   1  57   0   0   1   0   0   0   0]
 [ 23   0   0   0  86   0   0   0   0   0   0]
 [  8   0   0   0   0  92   0   0   0   0   0]
 [ 18   0   0   0   0   0  78   0   0   0   0]
 [ 18   0   0   0   0   0   0  95   0   0   0]
 [  3   0   0   0   0   0   0   0  92   0   0]
 [  6   0   0   0   0   0   0   0   0  84   0]
 [ 26   0   0   0   0   0   1   0   0   0  52]]
F1 initiatedAt: [       nan 0.98305085 0.99       0.85714286 0.88205128 0.95833333
 0.88636364 0.91346154 0.98395722 0.96551724 0.79389313]
Accuracy initiatedAt: 0.8701431492842536
Epoch time:  188.12409257888794
Logger {'time': {1000: 5.614351034164429, 2000: 11.35446310043335, 3000: 16.977257013320923, 4000: 22.541419982910156, 5000: 28.097393035888672, 6000: 33.660521507263184, 7000: 39.28884840011597, 8000: 44.87205624580383, 9000: 50.44922232627869, 10000: 56.11105489730835, 11000: 61.696746826171875, 12000: 67.24722814559937, 13000: 72.8784852027893, 14000: 78.5057590007782, 15000: 84.1622941493988, 16000: 89.92302083969116, 17000: 95.47105956077576, 18000: 102.09707713127136, 19000: 107.71117568016052, 20000: 113.37532043457031, 21000: 119.00043272972107, 22000: 124.52982544898987, 23000: 130.13391518592834, 24000: 135.74200868606567, 25000: 141.329993724823, 26000: 146.88029384613037, 27000: 152.43768072128296}, 'loss': {1000: 4.545549888408659, 2000: 4.536008767110706, 3000: 4.52679662819009, 4000: 4.476930353710899, 5000: 4.449774911265859, 6000: 4.423305232392706, 7000: 4.425953494274936, 8000: 4.415266817584368, 9000: 4.409940534399273, 10000: 4.402220491352432, 11000: 4.328198506895316, 12000: 4.3680478728880265, 13000: 4.324882893592606, 14000: 4.3385607774556645, 15000: 4.377260807646606, 16000: 4.348359694763327, 17000: 4.378767888981216, 18000: 4.319837292038078, 19000: 4.375295958517658, 20000: 4.335879662498615, 21000: 4.355816049046466, 22000: 4.2961958619068925, 23000: 4.346236313499284, 24000: 4.289188405835981, 25000: 4.375705660514645, 26000: 4.316187079877933, 27000: 4.361121062054325}, 'F1 digit': {27521: array([0.94339623, 0.97590889, 0.91873805, 0.91869159, 0.93101737,
       0.8939759 , 0.93690056, 0.91129032, 0.87356322, 0.9014218 ])}, 'Accuracy digit': {27521: 0.9219}, 'F1 initiatedAt': {27521: array([       nan, 0.98305085, 0.99      , 0.85714286, 0.88205128,
       0.95833333, 0.88636364, 0.91346154, 0.98395722, 0.96551724,
       0.79389313])}, 'Accuracy initiatedAt': {27521: 0.8701431492842536}}
100%|??????????| 10978/10978 [00:32<00:00, 334.84it/s]
===================================================================================
noise_0_60
Training for 1 epochs (38216 iterations).
Epoch 1
digit
[[ 831    3   12    1    0    7    1   10  111    4]
 [   0 1109    0    3    0    1    2    2   18    0]
 [   0    5  956   27    1    2    2   20   19    0]
 [   0    1   21  931    0   20    0   16   20    1]
 [   0   21    0    3  808    2   22    0   48   78]
 [   1    4    1   37    0  791    5    5   45    3]
 [   5   10    1    0    3   12  919    0    8    0]
 [   0   12   32   12    0    4    0  927   30   11]
 [   1    5    8    6    2   14   10    2  917    9]
 [   4   13    0    9    9    8    0   21   51  894]]
F1 digit: [0.91218441 0.95685936 0.92680562 0.91319274 0.89529086 0.90245294
 0.95779052 0.91285081 0.81838465 0.88999502]
Accuracy digit: 0.9083
initiatedAt
[[  0   0   0   0   0   0   0   0   0   0   0]
 [  3 118   0   0   0   0   0   0   0   0   0]
 [ 16   0  91   0   0   0   0   0   0   0   0]
 [ 16   0   0  63   0   0   0   0   0   0   0]
 [ 23   0   0   0  88   0   0   1   0   0   0]
 [ 22   0   0   0   0  84   0   0   0   0   0]
 [ 26   0   0   0   0   0  61   0   0   0   2]
 [  9   0   0   0   0   0   0  98   0   0   0]
 [ 31   0   0   0   0   1   0   0  60   0   0]
 [  8   0   0   0   0   0   0   0   0  80   0]
 [  4   0   0   0   0   0   0   0   0   0  78]]
F1 initiatedAt: [       nan 0.9874477  0.91919192 0.88732394 0.88       0.87958115
 0.81333333 0.95145631 0.78947368 0.95238095 0.96296296]
Accuracy initiatedAt: 0.8351983723296033
Epoch time:  250.8664608001709
Logger {'time': {1000: 5.614513874053955, 2000: 11.185734748840332, 3000: 16.766178369522095, 4000: 22.33342742919922, 5000: 27.917012453079224, 6000: 33.61430835723877, 7000: 39.228415727615356, 8000: 44.82235550880432, 9000: 50.40369987487793, 10000: 56.00733470916748, 11000: 61.77129912376404, 12000: 67.3273401260376, 13000: 72.91786456108093, 14000: 78.52042984962463, 15000: 84.06383538246155, 16000: 89.6011655330658, 17000: 95.20525527000427, 18000: 100.7651150226593, 19000: 106.29934883117676, 20000: 111.89809656143188, 21000: 117.52203512191772, 22000: 123.18396067619324, 23000: 128.84839010238647, 24000: 134.46332097053528, 25000: 141.3149390220642, 26000: 146.9870250225067, 27000: 152.6486737728119, 28000: 158.2736337184906, 29000: 163.90172028541565, 30000: 169.6538381576538, 31000: 175.3768653869629, 32000: 181.1342945098877, 33000: 187.05066776275635, 34000: 192.94702291488647, 35000: 198.64719986915588, 36000: 204.59059691429138, 37000: 210.37284994125366, 38000: 216.32525515556335}, 'loss': {1000: 4.550588226653792, 2000: 4.5471213520383085, 3000: 4.534010076705405, 4000: 4.523600405687049, 5000: 4.48658593444202, 6000: 4.465852524283405, 7000: 4.471690329978303, 8000: 4.46829624282953, 9000: 4.460202337462263, 10000: 4.438173272330051, 11000: 4.477184584604046, 12000: 4.461216301687516, 13000: 4.486028841424599, 14000: 4.452424476799655, 15000: 4.467086972936798, 16000: 4.46649871282947, 17000: 4.487125624932613, 18000: 4.456788737127237, 19000: 4.446553666194244, 20000: 4.453551591173426, 21000: 4.463029745460865, 22000: 4.449282928034655, 23000: 4.455277652627714, 24000: 4.420787954503559, 25000: 4.397596044472428, 26000: 4.433373628101954, 27000: 4.415288237682143, 28000: 4.425868156580075, 29000: 4.439656255620351, 30000: 4.4256159447658225, 31000: 4.422159168829299, 32000: 4.444856878482774, 33000: 4.445387897964191, 34000: 4.459661503793371, 35000: 4.438238788577985, 36000: 4.462166669443325, 37000: 4.459388135735734, 38000: 4.4442655120716115}, 'F1 digit': {38216: array([0.91218441, 0.95685936, 0.92680562, 0.91319274, 0.89529086,
       0.90245294, 0.95779052, 0.91285081, 0.81838465, 0.88999502])}, 'Accuracy digit': {38216: 0.9083}, 'F1 initiatedAt': {38216: array([       nan, 0.9874477 , 0.91919192, 0.88732394, 0.88      ,
       0.87958115, 0.81333333, 0.95145631, 0.78947368, 0.95238095,
       0.96296296])}, 'Accuracy initiatedAt': {38216: 0.8351983723296033}}
100%|??????????| 10983/10983 [00:33<00:00, 329.99it/s]
===================================================================================
noise_0_80
Training for 1 epochs (49405 iterations).
Epoch 1
digit
[[ 901    0    3    0    0    2   15    3   55    1]
 [   0 1112    1    2    0    0    2    2   16    0]
 [  14   18  743   22   20    4    6   53  144    8]
 [   0    0    4  792    5   97    0   29   37   46]
 [   1    4    1    0  911    0   22    0   10   33]
 [  15    0    0    2    8  780    7    2   20   58]
 [  23    9    0    0   14   22  880    0   10    0]
 [   0    3   11    5    7    0    0  872   58   72]
 [  22    5    2    7   14   69   12    3  730  110]
 [   5    1    0    1   13    9    1    5   27  947]]
F1 digit: [0.91891892 0.972453   0.82693378 0.86040196 0.92299899 0.832
 0.92485549 0.87330996 0.70158578 0.82924694]
Accuracy digit: 0.8668
initiatedAt
[[  0   0   0   0   0   0   0   0   0   0   0]
 [  5 137   0   0   0   0   0   0   0   0   0]
 [ 44   0  59   0   0   0   0   0   0   0   0]
 [ 20   0   0  64   0   0   0   0   0   0   0]
 [ 28   0   0   0  66   0   0   0   0   0   1]
 [ 14   0   0   0   0  90   0   0   0   0   0]
 [ 18   0   0   0   0   0  88   0   0   0   1]
 [ 58   0   0   0   0   0   0  52   0   0   2]
 [  8   0   0   0   0   0   0   0  94   0   0]
 [ 25   0   0   0   0   0   0   0   0  81   0]
 [ 54   0   0   0   0   2   0   0   0   0  55]]
F1 initiatedAt: [       nan 0.98207885 0.72839506 0.86486486 0.81987578 0.91836735
 0.9025641  0.63414634 0.95918367 0.86631016 0.64705882]
Accuracy initiatedAt: 0.7373358348968105
Epoch time:  319.13688254356384
Logger {'time': {1000: 5.77324366569519, 2000: 11.463411331176758, 3000: 17.165655374526978, 4000: 22.888514518737793, 5000: 28.58759355545044, 6000: 34.27854013442993, 7000: 39.99241375923157, 8000: 45.80369210243225, 9000: 51.54390573501587, 10000: 57.18529558181763, 11000: 62.93361759185791, 12000: 69.71713376045227, 13000: 75.4007215499878, 14000: 81.09789562225342, 15000: 86.7960786819458, 16000: 92.6298336982727, 17000: 98.35476112365723, 18000: 104.02095484733582, 19000: 109.69630193710327, 20000: 115.43079543113708, 21000: 121.20733571052551, 22000: 126.94137072563171, 23000: 132.64420127868652, 24000: 138.3905165195465, 25000: 144.15295505523682, 26000: 149.81540417671204, 27000: 155.46081233024597, 28000: 161.1852834224701, 29000: 166.88327836990356, 30000: 172.66548490524292, 31000: 178.32489132881165, 32000: 183.98603224754333, 33000: 189.69121384620667, 34000: 195.45044469833374, 35000: 201.14061212539673, 36000: 206.82777762413025, 37000: 212.45689034461975, 38000: 218.19810390472412, 39000: 223.8927764892578, 40000: 230.8640398979187, 41000: 236.6283140182495, 42000: 242.3447082042694, 43000: 248.12221121788025, 44000: 253.85216999053955, 45000: 259.5914306640625, 46000: 265.3977072238922, 47000: 270.9682705402374, 48000: 276.6698269844055, 49000: 282.42565417289734}, 'loss': {1000: 4.544318602511386, 2000: 4.549414808464195, 3000: 4.544097727035033, 4000: 4.531018226190006, 5000: 4.522487834069873, 6000: 4.539884758505983, 7000: 4.525863597282291, 8000: 4.525416165040811, 9000: 4.514952422615599, 10000: 4.527392956241857, 11000: 4.4972746764527685, 12000: 4.50902056302989, 13000: 4.524326764666783, 14000: 4.524619512795133, 15000: 4.50459924255175, 16000: 4.490645549566367, 17000: 4.503489536194114, 18000: 4.4923474965535535, 19000: 4.501206932474737, 20000: 4.494327911995296, 21000: 4.493424329520503, 22000: 4.493216388468254, 23000: 4.488170742191614, 24000: 4.493135259542276, 25000: 4.49930631901638, 26000: 4.48940645607547, 27000: 4.486646918189538, 28000: 4.493310857351517, 29000: 4.477198026854233, 30000: 4.486529382752589, 31000: 4.481029408169236, 32000: 4.46698360202118, 33000: 4.480392912124336, 34000: 4.470112038184768, 35000: 4.470751635801153, 36000: 4.4656745288418875, 37000: 4.481854511997973, 38000: 4.501704171274822, 39000: 4.472571661510355, 40000: 4.464355237135594, 41000: 4.488783218484102, 42000: 4.486703207048879, 43000: 4.4697017509450925, 44000: 4.493914264825326, 45000: 4.4855108057986195, 46000: 4.491398792085876, 47000: 4.4474013085434745, 48000: 4.467140906903816, 49000: 4.478993158830459}, 'F1 digit': {49405: array([0.91891892, 0.972453  , 0.82693378, 0.86040196, 0.92299899,
       0.832     , 0.92485549, 0.87330996, 0.70158578, 0.82924694])}, 'Accuracy digit': {49405: 0.8668}, 'F1 initiatedAt': {49405: array([       nan, 0.98207885, 0.72839506, 0.86486486, 0.81987578,
       0.91836735, 0.9025641 , 0.63414634, 0.95918367, 0.86631016,
       0.64705882])}, 'Accuracy initiatedAt': {49405: 0.7373358348968105}}
100%|??????????| 11066/11066 [00:34<00:00, 322.40it/s]
===================================================================================
noise_1_00
Training for 1 epochs (59999 iterations).
Epoch 1
digit
[[  32    0   35    0    0    7   11    0  895    0]
 [   0    0    1    0    0    0    0    0 1134    0]
 [   4    0   96    0   67   23    3    1  835    3]
 [ 131    0   29   13    4    3    3    3  824    0]
 [  17    0    0    2    1    0    0    0  962    0]
 [  87    0    4    0    1   20   51    1  728    0]
 [  10    0    9    0    2    6    2    0  929    0]
 [   1    0   46    0    0    1    4   24  952    0]
 [  25    0    2    0    1    4    4    0  938    0]
 [  30    0    0    1    0    2    0    0  976    0]]
F1 digit: [0.04859529        nan 0.15311005 0.02534113 0.00189036 0.04175365
 0.003861   0.04541154 0.18488223        nan]
Accuracy digit: 0.1126
initiatedAt
[[  0   0   0   0   0   0   0   0   0   0   0]
 [  0   0   0   0   0   0   0   0   0   0 120]
 [ 25   0   0   0   0   0   4   0   0   0  71]
 [ 26   0   0   0   0   0   1   0   0   1  59]
 [ 11   0   0   0   0   0   0   0   0   0  78]
 [  4   0   0   0   0   0   0   0   0   0  87]
 [ 13   0   0   0   0   0   0   0   0   0  82]
 [ 30   0   0   0   0   0   0   0   1   0  57]
 [  5   0   0   0   0   0   0   0   0   0  88]
 [  5   0   0   0   0   0   0   0   0   0 114]
 [  8   0   0   0   0   0   0   0   0   0  91]]
F1 initiatedAt: [       nan        nan        nan        nan        nan        nan
        nan        nan        nan        nan 0.19238901]
Accuracy initiatedAt: 0.09276248725790011
Epoch time:  377.23932814598083
Logger {'time': {1000: 5.6471288204193115, 2000: 11.341300249099731, 3000: 16.992432355880737, 4000: 22.675705432891846, 5000: 29.665032625198364, 6000: 35.38916850090027, 7000: 41.10411262512207, 8000: 46.83927655220032, 9000: 52.58149170875549, 10000: 58.29268455505371, 11000: 64.0077121257782, 12000: 69.65784430503845, 13000: 75.26093244552612, 14000: 80.92307448387146, 15000: 86.59528636932373, 16000: 92.28245902061462, 17000: 97.9320604801178, 18000: 103.50068950653076, 19000: 109.27575445175171, 20000: 114.88136696815491, 21000: 120.5114517211914, 22000: 126.05964350700378, 23000: 131.72338438034058, 24000: 137.3605773448944, 25000: 143.0260694026947, 26000: 148.63166666030884, 27000: 154.2708067893982, 28000: 159.92769718170166, 29000: 165.5930733680725, 30000: 171.20656561851501, 31000: 176.85043239593506, 32000: 182.59278178215027, 33000: 189.47674989700317, 34000: 195.1227445602417, 35000: 200.7995913028717, 36000: 206.41494226455688, 37000: 212.12833762168884, 38000: 217.86523032188416, 39000: 223.52627611160278, 40000: 229.1914427280426, 41000: 234.86972737312317, 42000: 240.48354172706604, 43000: 246.1431291103363, 44000: 251.77798318862915, 45000: 257.438029050827, 46000: 263.10376715660095, 47000: 268.7632269859314, 48000: 274.42390751838684, 49000: 280.03310775756836, 50000: 285.8406071662903, 51000: 291.51123785972595, 52000: 297.1763827800751, 53000: 302.8785617351532, 54000: 308.51321482658386, 55000: 314.1643466949463, 56000: 319.8317766189575, 57000: 325.46230816841125, 58000: 331.11010360717773, 59000: 336.7462933063507}, 'loss': {1000: 4.554244015711772, 2000: 4.553287342027228, 3000: 4.545625572920957, 4000: 4.5439276511586275, 5000: 4.546033768316745, 6000: 4.538084894724029, 7000: 4.5351740748365446, 8000: 4.543950163211994, 9000: 4.524726130955503, 10000: 4.530773884184077, 11000: 4.5252621647840074, 12000: 4.522435017645108, 13000: 4.529768175984163, 14000: 4.522697171348945, 15000: 4.522529773576321, 16000: 4.509989133463115, 17000: 4.545698143795873, 18000: 4.511366237192117, 19000: 4.537772416739968, 20000: 4.533080559266128, 21000: 4.5180231364333725, 22000: 4.524532667764604, 23000: 4.514565803618588, 24000: 4.52036127792209, 25000: 4.510499446389912, 26000: 4.507182796464891, 27000: 4.514087676004826, 28000: 4.510688636320083, 29000: 4.505663769809992, 30000: 4.529464377774776, 31000: 4.518120800366961, 32000: 4.521163237710372, 33000: 4.525287105508371, 34000: 4.51374952323011, 35000: 4.52421931173484, 36000: 4.511510672384602, 37000: 4.518082560293038, 38000: 4.517731158543961, 39000: 4.528620091483658, 40000: 4.522632249857768, 41000: 4.517399900188779, 42000: 4.519024151757407, 43000: 4.527923409444868, 44000: 4.520878604276202, 45000: 4.498073975747542, 46000: 4.494449659172266, 47000: 4.51025837948349, 48000: 4.506123045709708, 49000: 4.5187691733380895, 50000: 4.4952251917252095, 51000: 4.497903068411961, 52000: 4.526487784928773, 53000: 4.493724284299035, 54000: 4.524862944821201, 55000: 4.500435041736664, 56000: 4.504330297335234, 57000: 4.490788140401857, 58000: 4.48467438839199, 59000: 4.53660107367723}, 'F1 digit': {59999: array([0.04859529,        nan, 0.15311005, 0.02534113, 0.00189036,
       0.04175365, 0.003861  , 0.04541154, 0.18488223,        nan])}, 'Accuracy digit': {59999: 0.1126}, 'F1 initiatedAt': {59999: array([       nan,        nan,        nan,        nan,        nan,
              nan,        nan,        nan,        nan,        nan,
       0.19238901])}, 'Accuracy initiatedAt': {59999: 0.09276248725790011}}
100%|??????????| 10981/10981 [00:34<00:00, 316.15it/s]
C:\Users\Desktop\diploma\DeepProbCEP-master\test_utils.py:43: RuntimeWarning: invalid value encountered in scalar divide
  precision = tp / (tp + fp)
C:\Users\Desktop\diploma\DeepProbCEP-master\test_utils.py:46: RuntimeWarning: invalid value encountered in scalar divide
  f1[nr] = 2 * precision * recall / (precision + recall)
