#######################################################################################
scenario001
===================================================================================
noise_0_20
Training for 1 epochs (16588 iterations).
Epoch 1
digit
[[ 977    0    0    0    0    0    1    1    1    0]
 [   0 1127    3    3    0    0    0    1    1    0]
 [   9    6 1001    1    0    0    1   10    4    0]
 [   1    1    6  989    0    1    0    5    7    0]
 [   4    1    2    0  968    0    0    0    3    4]
 [   8    1    0   14    1  839   10    2   17    0]
 [  21    4    0    2    2    1  925    0    3    0]
 [   2    5   13    1    1    1    0 1001    3    1]
 [  14    2    2    0    4    1    1    2  947    1]
 [   8    7    1    6   36    6    0   14   16  915]]
F1 digit: [0.96541502 0.98470948 0.97184466 0.976308   0.97091274 0.9638139
 0.9757384  0.96996124 0.95850202 0.94818653]
Accuracy digit: 0.9689
100%|??????????| 10981/10981 [00:32<00:00, 337.23it/s]
C:\Users\Desktop\diploma\DeepProbCEP-master\test_utils.py:44: RuntimeWarning: invalid value encountered in scalar divide
  recall = tp / (tp + fn)
initiatedAt
[[  0   0   0   0   0   0   0   0   0   0   0]
 [  3 126   0   0   0   0   0   0   0   0   0]
 [  2   0  86   0   0   0   0   0   0   0   0]
 [  7   0   0  74   0   0   0   0   0   0   0]
 [  9   0   0   0 104   0   0   0   0   0   0]
 [ 17   0   0   0   0 101   0   0   0   0   0]
 [  0   0   0   0   0   0  92   0   0   0   0]
 [  7   0   0   0   0   0   0  96   0   0   0]
 [  2   0   0   0   0   0   0   0  83   0   0]
 [  5   0   0   0   0   0   1   0   0  77   0]
 [  1   0   0   0   0   0   0   0   0   0  88]]
F1 initiatedAt: [       nan 0.98823529 0.98850575 0.95483871 0.95852535 0.92237443
 0.99459459 0.96482412 0.98809524 0.9625     0.99435028]
Accuracy initiatedAt: 0.944954128440367
Epoch time:  124.39532160758972
Logger {'time': {1000: 5.495532512664795, 2000: 10.909571409225464, 3000: 16.409200191497803, 4000: 21.876817226409912, 5000: 27.861070156097412, 6000: 33.430259227752686, 7000: 38.90512704849243, 8000: 44.46418476104736, 9000: 49.946943521499634, 10000: 55.3977689743042, 11000: 60.9307382106781, 12000: 66.44849252700806, 13000: 71.90227675437927, 14000: 77.41826224327087, 15000: 82.94682574272156, 16000: 88.59201145172119}, 'loss': {1000: 3.9109119659647904, 2000: 3.104571531938866, 3000: 3.069911337511558, 4000: 2.947556226463544, 5000: 2.889273062651684, 6000: 2.9325683871424286, 7000: 2.9203347209761805, 8000: 2.8174006703623182, 9000: 2.8543614283204652, 10000: 2.9002737402149115, 11000: 2.8833737393833037, 12000: 2.8366796357059743, 13000: 2.8912660750743666, 14000: 2.829946500765461, 15000: 2.8005633336314784, 16000: 2.908822935123143}, 'F1 digit': {16588: array([0.96541502, 0.98470948, 0.97184466, 0.976308  , 0.97091274,
       0.9638139 , 0.9757384 , 0.96996124, 0.95850202, 0.94818653])}, 'Accuracy digit': {16588: 0.9689}, 'F1 initiatedAt': {16588: array([       nan, 0.98823529, 0.98850575, 0.95483871, 0.95852535,
       0.92237443, 0.99459459, 0.96482412, 0.98809524, 0.9625    ,
       0.99435028])}, 'Accuracy initiatedAt': {16588: 0.944954128440367}}
