#######################################################################################
scenario001
===================================================================================
noise_0_40
Training for 1 epochs (27688 iterations).
Epoch 1
digit
[[ 970    0    0    0    0    1    4    1    4    0]
 [   0 1132    2    1    0    0    0    0    0    0]
 [   4    2  990    5    1    0    8   13    9    0]
 [   2    0    5  969    0   19    0    6    8    1]
 [   1    1    1    0  959    0    3    0    4   13]
 [   3    1    0    2    0  870   13    2    1    0]
 [   4    3    0    0    2    2  947    0    0    0]
 [   2    8    9    4    2    3    0  990    4    6]
 [   0    1    2    0    3    0   12    1  951    4]
 [   4    4    0    3   14    5    1    8    9  961]]
F1 digit: [0.98477157 0.98994316 0.97011269 0.97191575 0.9770759  0.97098214
 0.97327852 0.96632504 0.96843177 0.96389168]
Accuracy digit: 0.9739
initiatedAt
[[  0   0   0   0   0   0   0   0   0   0   0]
 [  1 135   0   0   0   0   0   0   0   0   0]
 [  5   0  99   0   0   0   0   0   0   0   0]
 [  7   0   0  70   0   0   0   0   0   0   0]
 [  8   0   0   0 111   0   0   0   0   0   0]
 [  9   0   0   0   0 108   0   0   0   0   0]
 [  2   0   0   0   0   0  95   0   0   0   0]
 [ 10   0   0   0   0   0   0  89   0   0   0]
 [  3   0   0   0   0   0   0   0 103   0   0]
 [  2   0   0   0   0   0   0   0   0  88   0]
 [  5   0   0   0   0   0   0   0   0   0  93]]
F1 initiatedAt: [       nan 0.99630996 0.97536946 0.95238095 0.96521739 0.96
 0.98958333 0.94680851 0.98564593 0.98876404 0.97382199]
Accuracy initiatedAt: 0.950143815915628
Epoch time:  187.3155620098114
Logger {'time': {1000: 5.499995470046997, 2000: 10.991983890533447, 3000: 16.402897834777832, 4000: 22.405152320861816, 5000: 27.95324158668518, 6000: 33.51007270812988, 7000: 39.05812335014343, 8000: 44.5879545211792, 9000: 50.122942209243774, 10000: 55.565025806427, 11000: 61.15117406845093, 12000: 66.55179786682129, 13000: 72.04178357124329, 14000: 77.5387761592865, 15000: 83.09511590003967, 16000: 88.61402559280396, 17000: 94.14856553077698, 18000: 99.68225407600403, 19000: 105.23613429069519, 20000: 110.76966333389282, 21000: 116.27961254119873, 22000: 121.78613591194153, 23000: 127.35104775428772, 24000: 132.85804963111877, 25000: 138.31237864494324, 26000: 143.8063681125641, 27000: 149.290944814682}, 'loss': {1000: 4.050831186434835, 2000: 3.5483193140586935, 3000: 3.3470392113266167, 4000: 3.239123354903841, 5000: 3.310300712081363, 6000: 3.2850117101854277, 7000: 3.2049546904444806, 8000: 3.2204216249055406, 9000: 3.1791324861628896, 10000: 3.1686805222941503, 11000: 3.2548416623111533, 12000: 3.2225670915330187, 13000: 3.1402300596497046, 14000: 3.158301727642949, 15000: 3.1572645404959494, 16000: 3.086297336841865, 17000: 3.1188679986695225, 18000: 3.2024145330501717, 19000: 3.162781590746607, 20000: 3.183801313907562, 21000: 3.1625466900049832, 22000: 3.1649150082690656, 23000: 3.1430103450531437, 24000: 3.1733433824449557, 25000: 3.170407698195267, 26000: 3.1988135494769696, 27000: 3.0960249676742113}, 'F1 digit': {27688: array([0.98477157, 0.98994316, 0.97011269, 0.97191575, 0.9770759 ,
       0.97098214, 0.97327852, 0.96632504, 0.96843177, 0.96389168])}, 'Accuracy digit': {27688: 0.9739}, 'F1 initiatedAt': {27688: array([       nan, 0.99630996, 0.97536946, 0.95238095, 0.96521739,
       0.96      , 0.98958333, 0.94680851, 0.98564593, 0.98876404,
       0.97382199])}, 'Accuracy initiatedAt': {27688: 0.950143815915628}}
100%|??????????| 11043/11043 [00:34<00:00, 322.61it/s]
C:\User\Desktop\diploma\DeepProbCEP-master\test_utils.py:44: RuntimeWarning: invalid value encountered in scalar divide
  recall = tp / (tp + fn)
